0.7408 0.0000 0.7261 0.4296 0.0000 0.0000 0.0000 0.0000
0.0000 0.4346 0.0000 0.0000 0.0000 0.0000 0.0000 0.1353
0.4868 0.0000 0.7408 0.4346 0.0000 0.0000 0.0000 0.0000
0.7408 0.0000 0.7261 0.4296 0.0000 0.0000 0.0000 0.0000
0.1979 0.0000 0.5621 0.7408 0.0000 0.0000 0.0000 0.0000
0.0000 0.0000 0.0000 0.0000 0.0000 0.0000 0.0000 0.0000
0.0000 1.0000 0.0000 0.0000 1.0000 0.0601 0.1353 0.0000
0.0000 0.0357 0.0000 0.0000 0.0357 0.4346 0.0357 0.0000
0.0000 0.4346 0.0000 0.0000 0.1353 0.0357 0.4346 0.0000
0.0000 0.7827 0.0000 0.0000 0.0000 0.0000 0.0000 0.7827
0.7408 0.0000 0.7261 0.4296 0.0000 0.0000 0.0000 0.0000
0.0000 0.4346 0.0000 0.0000 0.0000 0.0000 0.0000 0.1353
